Model accuracy: 0.17702231520223152
           PER: 0.13724489795918365
           LOC: 0.3402777777777778
