Model accuracy: 0.31732914923291494
           PER: 0.29756554307116106
           LOC: 0.5987179487179488
