Model accuracy: 0.28417015341701535
           PER: 0.23152173913043478
           LOC: 0.5333333333333333
