Model accuracy: 0.018270571827057186
           PER: 0.0
           LOC: 0.0537712895377129
